

3764 4010 7918 7122 9226 4065 9518 4089 1749 8492 9628 1261 5380 1519 7442 6985 7154 
6506 9271 7236 3982 6418 3928 1215 8303 7424 5441 7451 7677 4366 4535 9890 2794 3069 
8283 9976 7323 8943 9356 1798 4877 5478 4071 9476 5420 2006 9454 4609 5575 1635 9373 
7537 2091 4037 4599 1661 3426 7194 6800 1300 8256 7024 2458 6754 5884 8682 4427 6389 
9705 1825 7705 3985 8308 6683 4676 3379 2181 4076 3491 7657 7089 3244 6149 9610 4132 
1815 8723 6718 6039 6345 7935 9352 4263 4024 4498 6856 3285 7437 1256 7708 8389 3823 
2344 2615 3314 1501 3161 5379 1991 5908 2348 7029 6851 7996 9060 8548 3833 3100 9551 
7331 9110 1405 2271 2873 2730 5272 5474 1947 9004 1210 6361 2247 2517 8769 5705 4045 
8884 1645 3294 3400 3889 5163 5080 9435 3110 3287 2059 1675 4341 7879 3105 1097 4916 
4585 1429 1259 2088 5607 9063 7052 1476 8997 9940 7483 5969 5930 7989 6284 9755 6965 
6363 7792 6992 8581 1841 8236 1495 5941 8248 4423 1539 4339 2276 8381 6342 7233 6215 
7224 2051 1864 5834 7323 8768 3172 2007 1459 1278 6117 4133 8802 8125 9583 8284 9379 
1693 4651 4897 7869 7223 5104 1307 5653 6099 8037 7855 6405 6853 7947 8448 8089 9130 
9649 8857 2832 3960 1149 6055 6744 8239 2545 1797 2504 1097 5172 6693 8549 7367 3062 
3878 7277 6797 5965 5137 3935 8887 8679 1657 2704 3831 9510 9860 5423 5896 4487 4620 
8739 7268 9744 8648 9879 6661 3949 2102 3139 1548 1257 1083 9955 1269 2498 8004 3238 
7422 3192 2275 5070 7120 1594 6699 9811 4019 4739 5314 8777 2114 6077 3175 6968 2453

1476 2715 7581 950 205 6285 4992 2657 1077 9097 5702 9454 1554 7978 7631 8581 8880 4288 7596 8438 43 6551 2726 7602 4430 8814 2464 6884 5802 5589 9158 8716 6815 1278 595 671 4177 168 629 2273 6829 4672 7589 8241 4017 4727 1282 4830 7118 2975 977 6977 6361 4320 9718 9825 2396 6889 3793 470 9853 4031 3765 4548 5244 3644 384 4679 1613 4906 5459 8669 8301 833 8249 1474 2040 9168 135 5501 8360 6975 2775 2219 7579 1868 2414 2897 2994 4113 4057 9847 8392 2289 2654 858 6547 5043 4551 381 6096 4562 5214 9553 3729 3434 6627 5570 2919 4012 4848 143 9160 3351 9112 2144 9826 6475 4893 1464 3234 4858 3673 9125 1518 1529 7109 5574 3291 5483 2526 6334 3256 383 128 1563 5071 4418 1770 305 7357 6049 4503 2312 1773 3138 3056 2587 8970 1777 3620 9147 1884 8313 4633 2656 4632 9100 6799 5437 7437 9690 6548 1050 64 9919 5340 2862 9189 3891 2231 863 6546 8767 5195 3213 9652 2687 8661 3901 1768 9712 8117 8249 8888 5230 2423 6149 1568 9619 6548 6931 3195 6143 2277 6286 4942 2851 5415 331 408 4926 6762 2438 6988 295 5533 7067 8294 7375 9525 4513 8431 6767 6975 1419 1611 8709 4816 1812 5960 5075 9373 6017 3357 2682 5508 9161 7212 894 1925 587 8153 7923 3082 966 4570 6759 3450 2773 2082 1418 7801 8452 5825 1829 6374 7938 7667 2230 9333 8627 9606 9131 4376 3022 1166 4081 1658 4960 5931 2011 8924 9313 138 4135 933 6408 4588 6043 4595 7771 9062 3837 3901 7453 5031 2898 2592 9819 3424 7129 6599 3177 2025 2305 9407 9952 926 2575 8706 5562 6259 9047 7573 8502 3356 5277 5265 9419 8497 6504 5883 307 33 1792 6843 5877 3102 5493 9784 3793 5157 4691 5408 4049 1426 8310 8708 428 6088 3043 7891 2093 3744 2295 6371 2216 5449 6418 9564 5049 8185 6910 1518 6193 750 1103 5183 5015 8976 9739 6602 6909 6913 4826 1908 6738 3452 3893 2246 6563 839 5232 5914 8967 1250 4860 925 3626 5575 7863 7554 197 190 6973 2764 4804 6526 1354 2545 8654 176 8986 661 8022 5790 5037 2043 8692 9499 3687 316 6925 150 7405 9231 3002 8969 1332 2331 9426 1287 3085 7430 8813 7634 2341 6097 1380